Codon	HeLa_CSC	CHO_CSC	SC_CSC	SP_CSC	TB_CSC	DM_CSC	DR_CSC	MM_CSC
GCA	0.036067207	-0.003872243	-0.0847983	-0.053050175	-0.041636479	-0.023938605	0.038848344	0.015987826
GCC	0.035602503	0.060221264	0.176068034	0.243677913	0.131967938	0.040521579	0.073532388	0.07266717
GCG	0.011034078	0.034600825	-0.101801301	-0.082026592	0.05904641	-0.046847822	-0.0460753	-0.001425864
GCT	0.101112021	0.078522811	0.249254889	0.293285288	0.087596197	0.023491467	0.022510122	0.092161962
TGC	-0.045630186	-0.00868451	-0.080672349	0.009785216	-0.034415785	0.00769246	-0.077535717	-0.056322439
TGT	-0.081360697	-0.111320174	-0.032646231	-0.089872764	-0.126040788	-0.027157932	-0.088876777	-0.123608629
GAC	0.009936895	0.025477091	0.060755859	0.08106737	0.066105101	-0.011854852	0.061844137	0.060057099
GAT	0.039610107	0.050187389	-0.053851238	0.002277502	-0.09030493	-0.002935591	0.032287612	0.054285803
GAA	-0.034687595	-0.036257657	0.091010875	0.038611735	-0.071103325	-0.027350443	0.011326297	-0.012346221
GAG	-0.037367444	-0.002269806	-0.119061247	0.209547298	0.042809452	-0.018502569	0.032178563	0.075169708
TTC	0.059313653	0.062510009	0.09422025	0.070726181	0.099233698	0.005112362	0.034541748	0.045245641
TTT	0.04732106	-0.006596755	-0.078253936	-0.201349005	-0.107564128	-0.03227971	-0.003509078	-0.008647198
GGA	0.068686012	0.044038958	-0.123026656	0.135419155	-0.005715658	0.025367324	0.064122386	0.050131153
GGC	0.025235785	0.079776288	-0.011680505	0.142671712	0.141343905	0.030097404	0.061801217	0.065643861
GGG	-0.00428647	0.00814972	-0.093385619	-0.080869449	-0.067321053	-0.022774747	0.017070679	0.04504918
GGT	0.087439406	0.094480343	0.213656991	0.297065569	0.129835502	0.033401091	0.026794357	0.05181304
CAC	-0.084821916	-0.06212035	0.068131884	0.046917733	0.001787787	-0.002406983	-0.035483283	-0.11072793
CAT	-0.076102292	-0.108395785	-0.085955309	-0.142630418	-0.141272709	-0.0331307	-0.03749422	-0.128162565
ATA	-0.009905054	-0.057786645	-0.256527993	-0.268632832	-0.181127137	-0.041080495	-0.035262894	-0.073401598
ATC	0.112051909	0.157680381	0.112158848	0.132825599	0.198319864	0.009402352	0.061661984	0.131746351
ATT	0.08769614	0.104814096	0.048520582	0.075746668	0.025178465	0.00078597	0.018781791	0.065180249
AAA	-0.013908082	0.029259054	-0.149203138	-0.027931696	0.015335989	-0.020919143	-0.004958795	-0.043924423
AAG	0.063332328	0.203419767	0.10281416	0.332994967	0.272702498	0.033383285	0.06890469	0.148989915
CTA	6.77E-05	-0.066142301	-0.129008376	-0.207498718	-0.094129624	-0.02772522	-0.017019114	-0.03386223
CTC	0.008897853	-0.026510191	-0.136408675	0.043906532	0.054640367	-0.008557601	0.003287957	-0.00200006
CTG	0.024091482	0.026819391	-0.164090599	-0.14645165	0.046528625	-0.01211842	0.007047546	0.083354889
CTT	-0.003018572	-0.043777937	-0.12872039	0.046255057	-0.039497285	-0.006126664	-0.024447305	-0.050878699
TTA	-0.050804039	-0.103721756	-0.037046335	-0.224236587	-0.207364814	-0.009802246	-0.063373492	-0.102542981
TTG	0.014098679	-0.049918992	0.1995133	0.061988088	-0.126373685	-0.005743733	-0.052610498	-0.032343784
ATG	0.116812776	0.158495474	-0.0643907	0.075518946	0.018656034	-0.019913812	0.021641627	0.086194349
AAC	0.016737395	0.059675717	0.067571125	0.030823748	0.055050282	0.019582899	0.045766465	0.029100383
AAT	-0.007545839	-0.018496066	-0.128479099	-0.293370561	-0.090526021	-0.011156834	-0.035130138	-0.047855304
CCA	-0.060156296	-0.111851447	0.15610455	-0.223671989	-0.022855472	0.006066073	0.028406225	-0.085935352
CCC	-0.063191439	-0.053773811	-0.088184999	0.050390267	0.098806797	0.026394747	0.063868205	-0.072621201
CCG	-0.02547804	-0.038586212	-0.180468091	-0.224686851	0.003570317	-0.02585177	0.004548378	-0.075520036
CCT	-0.046515536	-0.108238115	0.000223561	0.011244856	0.036899909	0.026373662	0.041242594	-0.07838275
CAA	-0.075104692	-0.099489902	0.072125476	-0.017011217	-0.076728809	-0.025724679	-0.055656284	-0.08557132
CAG	-0.082288505	-0.07695202	-0.130706447	-0.117337442	0.091851503	-0.024089013	0.035799266	-0.009628656
AGA	-0.069007252	-0.069955717	0.041611414	-0.065118156	-0.141404337	-0.023383327	-0.017383769	-0.102213569
AGG	-0.103495604	-0.053142243	-0.193075031	-0.164913371	-0.154347349	-0.014962944	-0.042374054	-0.085498651
CGA	0.007285163	0.005030621	-0.196805665	-0.203668153	-0.17768879	-0.036373462	-0.025987193	0.040871651
CGC	0.002077096	0.000788616	-0.10179446	0.179281802	0.242051736	0.01939779	-0.00261228	0.025968443
CGG	-0.023468589	-0.028297721	-0.127444136	-0.188274625	-0.135856775	-0.045227533	-0.030063648	0.028343697
CGT	0.035244082	0.015559529	0.079427537	0.302589954	0.077443739	0.027103328	-0.001942618	0.060860209
AGC	-0.111514892	-0.151066656	-0.148752866	-0.079966523	0.008439712	-0.016558359	-0.038299128	-0.139503282
AGT	-0.115685521	-0.195162266	-0.155378108	-0.169420872	-0.159424216	-0.022933015	-0.060014049	-0.171478783
TCA	-0.106696151	-0.174787503	-0.115731074	-0.330427501	-0.099653433	-0.016088114	-0.04166276	-0.155203776
TCC	-0.084565894	-0.075206839	0.135027097	-0.13083999	0.072174037	0.021289596	-0.013749314	-0.095279027
TCG	-0.051569253	-0.036829061	-0.126056717	-0.258811834	-0.068762995	0.000440163	-0.03207698	-0.073548078
TCT	-0.077926116	-0.116813823	0.141822312	-0.186664164	-0.033573434	0.048130104	-0.042438904	-0.12731067
ACA	-0.011527719	-0.049675698	-0.142278037	-0.195643932	-0.082622754	-0.016928186	-0.015077798	-0.068068834
ACC	0.038788261	0.020268715	0.126507255	0.108743337	0.075218907	0.050813489	0.046067904	0.035824136
ACG	-0.001963613	0.019891527	-0.155231279	-0.157585966	0.061604971	-0.037789175	-0.017268855	-0.029301517
ACT	-0.016734837	-0.073956414	0.143274049	0.045730403	-0.000235223	0.021029955	-0.021227062	-0.060324763
GTA	0.036405733	0.00209558	-0.189556921	-0.068554852	-0.134219137	3.44E-05	-0.006626728	-0.022195207
GTC	0.059822654	0.062459654	0.19987365	0.241549051	0.042697151	0.058153485	0.026703511	0.064708674
GTG	0.075747932	0.087397673	-0.095549422	-0.035868185	0.072671813	0.004420567	-0.011869412	0.118236913
GTT	0.066711211	0.034349764	0.190892245	0.248047865	-0.067311737	0.037543326	-0.032643899	0.016484633
TGG	0.04334295	0.019835436	-0.02230503	-0.039503446	-0.115710584	-0.021006063	-0.037861343	0.029326421
TAC	0.081512541	0.081572182	0.099729738	0.021836119	0.069307987	0.014032894	0.055394189	0.041651356
TAT	0.072063766	0.029960602	-0.087650239	-0.105513777	-0.116496546	-0.013942655	0.018953183	0.00887336
